\begin{table}
\caption{Pairwise tail-dependence matrix at the 95 percent loss threshold.}
\label{tab:tail_dependence_matrix_q95}
\begin{tabular}{lrrrrrrrr}
\toprule
conditioning_asset & BBVA.MC & BNP.PA & CBK.DE & DBK.DE & GLE.PA & INGA.AS & ISP.MI & SAN.MC \\
asset &  &  &  &  &  &  &  &  \\
\midrule
BBVA.MC & 1.0000 & 0.5481 & 0.4222 & 0.5222 & 0.5593 & 0.5185 & 0.5444 & 0.7259 \\
BNP.PA & 0.5481 & 1.0000 & 0.4889 & 0.5407 & 0.6963 & 0.6148 & 0.5444 & 0.5481 \\
CBK.DE & 0.4222 & 0.4889 & 1.0000 & 0.4926 & 0.4926 & 0.5148 & 0.4333 & 0.4407 \\
DBK.DE & 0.5222 & 0.5407 & 0.4926 & 1.0000 & 0.5333 & 0.5296 & 0.5000 & 0.5296 \\
GLE.PA & 0.5593 & 0.6963 & 0.4926 & 0.5333 & 1.0000 & 0.6037 & 0.5296 & 0.5741 \\
INGA.AS & 0.5185 & 0.6148 & 0.5148 & 0.5296 & 0.6037 & 1.0000 & 0.5741 & 0.5148 \\
ISP.MI & 0.5444 & 0.5444 & 0.4333 & 0.5000 & 0.5296 & 0.5741 & 1.0000 & 0.5444 \\
SAN.MC & 0.7259 & 0.5481 & 0.4407 & 0.5296 & 0.5741 & 0.5148 & 0.5444 & 1.0000 \\
\bottomrule
\end{tabular}
\end{table}
